4294967279,286
4294967279,34
4294967294,99
0,7
4294967294,1001
4294967294,186
4294967294,1175
4294967294,1
4294967294,0
4294967294,1000
4294967294,29
4294967294,28
4294967294,420
4294967294,385
4294967294,1005
4294967294,109
4294967294,402
4294967294,1014
4294967294,1007
4294967294,393
4294967294,46
4294967294,45
4294967294,389
4294967294,390
4294967294,44
4294967294,424
4294967294,115
4294967294,120
4294967294,114
4294967278,241
4294967294,89
4294967294,2
4294967294,40
4294967294,38
4294967294,37
4294967278,295
4294967279,353
4294967294,107
4294967294,91
4294967294,90
4294967294,87
4294967294,86
4294967294,85
4294967294,84
4294967294,419
4294967294,1174
4294967294,1173
4294967294,1017
4294967294,53
4294967294,1420
4294967294,427
4294967294,96
4294967294,94
4294967294,9
4294967294,8
4294967294,36
4294967294,39
4294967294,42
4294967294,41
4294967294,421
4294967294,401
4294967294,190
4294967294,162
4294967294,11
4294967294,68
4294967278,132
4294967278,131
4294967278,383
4294967278,130
4294967278,129
4294967278,124
4294967278,122
4294967278,121
4294967278,120
4294967278,119
4294967278,117
4294967278,419
4294967278,116
4294967278,115
4294967278,114
4294967278,113
4294967278,112
4294967278,110
4294967278,107
4294967278,105
4294967278,104
4294967278,103
4294967278,102
4294967278,101
4294967278,96
4294967278,94
4294967278,93
4294967278,92
4294967278,91
4294967278,89
4294967278,87
4294967278,86
4294967278,85
4294967278,81
4294967278,79
4294967278,77
4294967278,76
4294967278,75
4294967278,74
4294967278,71
4294967278,69
4294967278,68
4294967278,67
4294967278,66
4294967278,65
4294967278,64
4294967278,63
4294967278,442
4294967279,320
4294967279,82
4294967279,80
4294967279,79
4294967279,77
4294967279,71
4294967279,69
4294967279,329
4294967279,63
4294967279,62
4294967279,55
4294967279,51
4294967279,50
4294967279,47
4294967279,44
4294967279,41
4294967279,551
4294967279,39
4294967279,33
4294967279,88
4294967279,31
4294967279,29
4294967279,25
4294967279,23
4294967279,21
4294967279,20
4294967279,18
4294967279,15
4294967279,13
4294967279,12
4294967279,10
4294967279,9
4294967279,7
4294967279,4
4294967279,285
4294967279,35
4294967278,235
4294967279,32
4294967279,30
4294967279,28
4294967279,27
4294967278,279
4294967279,26
4294967278,233
4294967279,22
384,6
384,5
384,4
384,2
384,1
4294967279,17
4294967279,14
4294967279,11
4294967278,358
4294967279,527
4294967279,575
4294967278,328
4294967278,231
4294967278,255
4294967279,322
4294967279,250
381,6
381,5
381,4
4294967279,540
381,2
381,1
4294967278,352
4294967278,229
4294967278,248
4294967279,325
4294967278,242
4294967279,241
4294967279,239
4294967279,235
4294967278,236
4294967279,233
4294967278,232
4294967279,231
4294967294,1004
4294967294,1094
4294967294,173
4294967294,998
4294967294,163
4294967294,1002
4294967278,226
378,4
4294967279,223
378,3
378,2
378,1
4294967278,222
4294967279,221
4294967279,543
4294967279,215
4294967279,210
377,6
4294967279,209
377,5
4294967278,208
377,4
377,2
377,1
4294967278,367
4294967278,223
4294967278,198
4294967278,315
4294967279,298
4294967278,312
4294967279,276
374,6
374,5
374,4
374,3
374,2
374,1
4294967279,183
4294967278,434
4294967294,1419
4294967294,417
4294967278,431
4294967279,296
4294967279,274
4294967278,219
371,6
371,5
371,4
371,3
371,2
371,1
4294967294,50
4294967294,1422
4294967278,145
4294967279,144
368,4
368,3
368,2
368,1
4294967294,1171
4294967294,386
4294967294,404
4294967294,169
4294967294,191
4294967294,1095
4294967294,161
4294967294,1089
4294967278,217
367,6
4294967279,24
4294967279,135
4294967278,406
367,5
4294967279,19
367,4
367,3
367,2
367,1
4294967294,505
4294967279,277
4294967278,273
366,5
4294967278,269
366,4
366,3
366,2
366,1
4294967278,282
0,5
4294967278,271
365,5
365,4
4294967278,278
365,3
365,2
365,1
4294967278,330
4294967278,447
4294967278,128
4294967278,356
4294967278,441
364,5
4294967278,385
4294967279,522
364,4
4294967279,521
364,3
364,2
364,1
4294967279,251
4294967278,253
4294967278,118
4294967294,82
4294967279,516
4294967278,246
4294967279,245
4294967294,504
4294967278,422
4294967279,240
4294967278,238
362,4
4294967279,237
362,3
362,2
362,1
4294967279,238
4294967278,237
4294967279,236
4294967294,5
4294967279,383
4294967279,382
4294967278,260
4294967294,92
4294967294,88
4294967278,225
4294967278,440
4294967294,93
4294967279,222
4294967294,95
4294967279,220
4294967279,218
4294967278,410
4294967294,183
4294967294,184
4294967294,405
4294967294,397
4294967279,350
4294967294,1016
4294967294,27
4294967294,6
4294967294,81
4294967278,127
4294967278,126
4294967278,382
4294967278,125
4294967278,325
4294967278,123
4294967278,111
4294967278,109
4294967278,108
4294967278,106
4294967278,100
4294967278,98
4294967278,90
4294967278,83
4294967278,80
4294967278,345
4294967278,78
4294967278,72
4294967278,436
4294967278,404
4294967278,362
4294967278,346
4294967279,102
4294967279,100
4294967279,98
4294967279,95
4294967279,91
4294967279,90
4294967279,89
4294967279,83
4294967279,74
4294967279,65
4294967279,59
4294967279,532
4294967279,54
4294967279,346
4294967279,48
4294967279,37
4294967279,6
4294967278,99
4294967278,413
4294967279,99
4294967279,318
4294967278,97
4294967278,380
4294967279,87
4294967279,381
4294967279,97
4294967279,208
4294967279,564
4294967278,95
4294967279,207
4294967279,94
4294967279,537
4294967279,205
4294967279,203
361,6
361,5
361,4
4294967279,201
361,2
361,1
4294967279,380
4294967279,539
4294967278,84
4294967279,84
4294967279,312
4294967279,196
4294967278,82
4294967278,379
4294967279,354
4294967278,73
4294967278,365
4294967279,72
4294967279,558
4294967278,70
4294967278,311
4294967279,534
4294967279,182
4294967278,309
4294967279,181
4294967279,180
358,6
358,5
358,4
358,2
358,1
4294967278,304
4294967279,299
4294967279,60
4294967278,437
4294967278,170
4294967279,58
4294967278,169
4294967278,432
4294967278,168
4294967279,162
4294967278,161
4294967278,160
355,4
355,3
355,2
355,1
4294967278,338
4294967278,157
4294967279,157
4294967278,154
4294967278,446
4294967278,152
4294967278,445
4294967279,150
4294967278,146
354,6
4294967278,148
354,5
4294967279,147
354,4
4294967278,147
354,2
354,1
4294967279,343
4294967278,435
4294967278,423
4294967278,140
4294967278,136
4294967278,277
4294967279,136
4294967278,275
4294967279,273
4294967279,0
4294967279,266
4294967278,286
4294967279,16
4294967279,278
4294967278,283
4294967279,367
4294967278,267
351,6
351,5
4294967278,281
